sat_id: 48082
sat_name: FEES
transactions_count: 34
passes_count: 1
#1 start 14.02.2024 00:48 end 14.02.2024 00:52
startAz: 11.740000
endAz: 197.590000
startAzCompass: N
endAzCompass: SSW
maxAz: 298.170000
maxAzCompass: WNW
maxEl: 62.340000
maxUTC: 14.02.2024 00:50
